[-7.54, -10.18, -8.48, -6.26, -0.89, -3.41, -2.43, 1.18, 2.37, 2.23, 0.17, 0.22]
[-7.54, -7.52, -4.5, -2.28, -0.89, -3.41, -1.1, -1.48, 3.7, -7.07, -2.48, 5.54]
[-2.23, -3.54, -5.83, 0.38, -0.89, -0.75, -2.43, 2.5, 3.7, -0.43, 2.83, 6.86]
[-2.23, -0.88, -5.83, -2.28, -0.89, -2.08, -1.1, -0.15, 6.36, 2.23, 4.16, 9.52]
[-3.56, -7.52, -5.83, 0.38, 0.44, -4.74, -1.1, -1.48, 6.36, -7.07, 1.5, 8.19]
[-6.22, -6.19, -11.14, -8.92, 0.44, -2.08, 0.23, -0.15, 3.7, -3.08, 6.81, 0.22]
[-6.22, -6.19, -8.48, -8.92, 0.44, -0.75, -1.1, -1.48, 1.04, 6.21, 6.81, -2.43]
[8.39, -3.54, -7.15, -7.59, -15.5, 0.57, -3.76, -0.15, -12.24, 8.87, 6.81, 6.86]
[-7.54, -4.86, -8.48, -8.92, 0.44, -4.74, -2.43, -1.48, 1.04, 2.23, -1.15, -1.1]
[-6.22, -12.83, -8.48, -10.25, -0.89, -2.08, 0.23, -1.48, 2.37, 7.54, 8.14, 1.55]
[-6.22, -0.88, -11.14, -8.92, -0.89, -3.41, -2.43, -1.48, 2.37, 18.17, 8.14, -2.43]
[-6.22, -4.86, -9.81, -10.25, -0.89, -2.08, -3.76, -0.15, 1.04, 4.89, -3.81, 2.88]
[-6.22, -6.19, -9.81, -7.59, 0.44, -2.08, -2.43, -2.81, 2.37, 2.23, -1.15, 1.55]
[-7.54, -4.86, -8.48, -8.92, 1.77, -4.74, 0.23, -1.48, 1.04, 0.9, 1.5, 2.88]
[-6.22, -8.85, -8.48, -8.92, -0.89, -2.08, -1.1, -0.15, 2.37, -3.08, 1.5, 4.21]
[-7.54, -7.52, -9.81, -8.92, -0.89, -3.41, -1.1, -2.81, 1.04, -1.75, 0.17, -2.43]
[-8.87, -4.86, -9.81, -8.92, -0.89, -3.41, -1.1, -2.81, 5.03, 7.54, 4.16, 1.55]
[-6.22, -6.19, -9.81, -10.25, 0.44, -4.74, 0.23, -1.48, 3.7, 4.89, 2.83, 0.22]
[-6.22, -8.85, -8.48, -4.94, -0.89, 0.57, -1.1, -2.81, 3.7, 3.56, 5.49, 6.86]
[-7.54, -6.19, -12.47, -8.92, 0.44, -2.08, 0.23, -1.48, 3.7, -0.43, -5.14, 2.88]
[-6.22, -2.21, -8.48, -7.59, 0.44, -3.41, -2.43, -2.81, 2.37, 8.87, 5.49, 4.21]
[-7.54, -3.54, -5.83, -10.25, 0.44, -3.41, -1.1, -1.48, 3.7, 0.9, 2.83, 2.88]
[-7.54, -4.86, -8.48, -7.59, 0.44, -4.74, -3.76, -2.81, 1.04, 3.56, 1.5, 17.49]
[-7.54, -6.19, -11.14, -7.59, -0.89, -4.74, -2.43, -2.81, -0.28, 16.84, -1.15, -5.09]
[-7.54, -6.19, -7.15, -7.59, -0.89, -4.74, -1.1, -1.48, 1.04, 3.56, 1.5, -3.76]
[-8.87, -4.86, -8.48, -7.59, -0.89, -4.74, -2.43, -2.81, 1.04, 2.23, 1.5, -2.43]
[-6.22, -4.86, -9.81, -8.92, -0.89, -4.74, -2.43, -2.81, -0.28, 3.56, -2.48, -5.09]
[-7.54, -6.19, -5.83, -8.92, -0.89, -3.41, -5.09, -2.81, 1.04, 2.23, 2.83, -3.76]
[-7.54, -10.18, -9.81, -8.92, -2.22, 0.57, -2.43, -1.48, -0.28, -4.41, -3.81, -6.42]
[-7.54, -6.19, -7.15, -10.25, -0.89, -7.39, -1.1, -2.81, -0.28, -1.75, 1.5, -3.76]
[-7.54, -8.85, -8.48, -6.26, -0.89, -2.08, -2.43, -1.48, -0.28, -11.05, 0.17, 0.22]
[-7.54, -6.19, -9.81, -10.25, -0.89, -7.39, -2.43, -1.48, -1.61, 0.9, 1.5, -2.43]
[-10.2, -6.19, -13.79, -7.59, -0.89, -7.39, -2.43, -1.48, -1.61, 20.82, -2.48, -3.76]
[-8.87, -7.52, -11.14, -10.25, -0.89, -4.74, -3.76, -1.48, 3.7, -7.07, 2.83, 0.22]
[-10.2, -6.19, -9.81, -8.92, -0.89, -4.74, -2.43, -2.81, -0.28, -3.08, 1.5, -2.43]
[-10.2, -8.85, -11.14, -10.25, -0.89, -3.41, -3.76, -4.14, -1.61, -4.41, -3.81, -3.76]
[-10.2, -8.85, -12.47, -8.92, -0.89, -8.72, -3.76, -1.48, -1.61, -12.38, -2.48, -3.76]
[-10.2, -7.52, -9.81, -12.9, -0.89, -6.07, -3.76, -2.81, -0.28, -5.74, -6.47, -10.4]
[-3.56, 19.04, -4.5, -2.28, 0.44, 4.56, 0.23, 1.18, 7.68, 7.54, 8.14, 9.52]
[-3.56, -4.86, 2.14, -4.94, 1.77, -6.07, 0.23, 2.5, 6.36, 11.53, 5.49, 8.19]
[-3.56, 13.73, -4.5, -2.28, 0.44, 3.23, 0.23, 2.5, 6.36, 6.21, 9.47, 8.19]
[-4.89, -4.86, -7.15, -4.94, 0.44, -0.75, 0.23, 2.5, 6.36, 8.87, 6.81, 6.86]
[-3.56, -3.54, 6.13, -3.61, 1.77, 1.9, 1.55, -0.15, 7.68, 7.54, 4.16, 10.85]
[-3.56, 1.78, -8.48, -4.94, 1.77, -3.41, 1.55, -0.15, 7.68, 11.53, 5.49, 6.86]
[-3.56, -16.82, -7.15, -4.94, 0.44, -0.75, -3.76, -1.48, 9.01, 10.2, 8.14, 9.52]
[-3.56, 17.71, 2.14, -6.26, 1.77, 0.57, -5.09, -0.15, 7.68, 7.54, 2.83, 8.19]
[-4.89, -2.21, -5.83, -3.61, 0.44, -4.74, 0.23, -1.48, 6.36, 6.21, 8.14, 5.54]
[-6.22, 1.78, -9.81, -7.59, 1.77, -3.41, 1.55, -0.15, 7.68, 10.2, 4.16, 6.86]
[-4.89, -8.85, -8.48, -3.61, 0.44, 3.23, 1.55, -0.15, 5.03, 8.87, 6.81, 8.19]
[-6.22, -10.18, -9.81, -6.26, 0.44, 3.23, -1.1, -2.81, 6.36, 8.87, 1.5, 5.54]
[-4.89, -6.19, -8.48, -6.26, 0.44, -0.75, 0.23, -0.15, 5.03, 7.54, 6.81, 5.54]
[-6.22, -3.54, -8.48, -8.92, 0.44, -7.39, -2.43, -0.15, 3.7, 10.2, 6.81, 8.19]
[-6.22, -4.86, -8.48, -6.26, 0.44, 0.57, -2.43, -2.81, 5.03, 0.9, 4.16, 4.21]
[-4.89, -2.21, -7.15, -7.59, 0.44, -2.08, 0.23, -0.15, -0.28, 4.89, 4.16, 12.18]
[-6.22, -3.54, -9.81, -7.59, 0.44, -4.74, 1.55, -0.15, 5.03, 7.54, 4.16, 8.19]
[-7.54, -4.86, -8.48, -6.26, -0.89, -3.41, 1.55, -1.48, -1.61, 2.23, 4.16, 1.55]
[-6.22, -6.19, -8.48, -8.92, -2.22, -4.74, -3.76, -2.81, 2.37, -1.75, 5.49, 1.55]
[-6.22, -71.27, -11.14, -8.92, -0.89, 3.23, -2.43, -2.81, 2.37, 11.53, 1.5, 5.54]
[-7.54, -7.52, -8.48, -8.92, -0.89, -7.39, -2.43, 1.18, 2.37, -11.05, 1.5, 5.54]
[-7.54, -11.5, -7.15, -6.26, 0.44, -0.75, -2.43, -0.15, 2.37, 7.54, 6.81, 2.88]
