[7.07, 3.11, 0.82, 3.03, -0.89, -3.41, -2.43, -0.15, 6.36, 2.23, 0.17, 8.19]
[-0.9, 11.07, -0.51, 12.33, 3.09, 1.9, -1.1, -2.81, 5.03, 3.56, 1.5, 1.55]
[-7.54, 1.78, -0.51, 5.69, -4.87, -7.39, 1.55, -6.79, -1.61, 3.56, -1.15, 5.54]
[-3.56, 3.11, 0.82, -2.28, -3.55, -2.08, -5.09, 1.18, 2.37, -0.43, 0.17, 2.88]
[-2.23, -2.21, -0.51, 5.69, -0.89, -3.41, -2.43, -1.48, 6.36, -1.75, 0.17, 0.22]
[-14.18, 1.78, -1.84, 4.36, -0.89, 0.57, -2.43, -2.81, -10.91, -0.43, -1.15, 0.22]
[-4.89, -2.21, -4.5, -4.94, 0.44, -3.41, -3.76, -2.81, 1.04, -1.75, -2.48, 2.88]
[-2.23, 4.43, -7.15, -4.94, -0.89, -2.08, -2.43, -0.15, 3.7, -0.43, -1.15, 1.55]
[-6.22, 3.11, 7.46, -10.25, -23.47, -3.41, 1.55, 1.18, -12.24, -1.75, 0.17, 2.88]
[-4.89, -0.88, -3.17, -2.28, 0.44, 4.56, -1.1, 1.18, 1.04, 6.21, -2.48, 0.22]
[0.43, -0.88, -4.5, -6.26, -12.84, -0.75, -2.43, -0.15, -10.91, -1.75, -3.81, -3.76]
[-2.23, 1.78, 8.78, 1.71, 0.44, -3.41, 0.23, -1.48, 2.37, 7.54, -2.48, 4.21]
[8.39, 9.75, -1.84, -0.95, -6.2, 3.23, 1.55, -1.48, -6.92, 10.2, 1.5, -9.07]
[-6.22, 0.45, -8.48, 3.03, -0.89, -4.74, 4.21, -0.15, -0.28, 2.23, 4.16, 1.55]
[-8.87, -10.18, 15.42, 9.67, 0.44, -12.71, -7.74, -2.81, -26.85, -9.72, 6.81, 12.18]
[-7.54, -6.19, -11.14, -2.28, -3.55, 0.57, 2.88, -2.81, -0.28, -3.08, -1.15, 2.88]
[-6.22, -69.94, 0.82, -6.26, -0.89, 1.9, -1.1, -1.48, 2.37, -0.43, 4.16, -1.1]
[-4.89, 3.11, -4.5, -6.26, -2.22, -6.07, 0.23, -2.81, -0.28, -4.41, 8.14, 1.55]
[-6.22, -2.21, -0.51, -3.61, -3.55, -2.08, 1.55, 2.5, 3.7, -1.75, 1.5, 1.55]
[7.07, 1.78, -0.51, -3.61, 0.44, 0.57, -2.43, -1.48, 5.03, 3.56, 5.49, 0.22]
[1.75, -71.27, 0.82, -0.95, -0.89, 4.56, 0.23, -0.15, -5.6, 4.89, 1.5, 1.55]
[-0.9, 3.11, 6.13, -3.61, -0.89, -6.07, -1.1, -1.48, 5.03, 3.56, 2.83, 4.21]
[-6.22, -6.19, -0.51, -4.94, -2.22, 0.57, -5.09, -0.15, 2.37, 0.9, 1.5, 0.22]
[-4.89, 0.45, 0.82, -3.61, -0.89, -3.41, -2.43, -2.81, 6.36, 2.23, 5.49, -1.1]
[-6.22, -0.88, -0.51, -7.59, -0.89, -3.41, -1.1, -2.81, 2.37, 0.9, 2.83, 0.22]
[-4.89, -71.27, -0.51, -0.95, -0.89, 7.21, -5.09, -0.15, 5.03, 4.89, 2.83, 0.22]
[-3.56, -0.88, 3.47, -2.28, -0.89, 0.57, -1.1, -1.48, 2.37, -0.43, 4.16, -1.1]
[-12.86, -3.54, 0.82, -0.95, 4.42, 7.21, 2.88, 3.83, -4.27, 3.56, -1.15, 1.55]
[-4.89, -8.85, -1.84, -7.59, 1.77, 4.56, 2.88, 2.5, 2.37, -0.43, -1.15, -2.43]
[-8.87, -11.5, -5.83, -6.26, 5.75, 7.21, 1.55, 1.18, -5.6, -1.75, -5.14, -3.76]
[7.07, -2.21, -5.83, -10.25, 3.09, -0.75, 0.23, 1.18, 1.04, -1.75, -2.48, -1.1]
[-4.89, -6.19, -3.17, -7.59, 1.77, -6.07, 2.88, 1.18, -8.25, -7.07, 0.17, -1.1]
[-0.9, 4.43, -0.51, -0.95, -0.89, -0.75, 0.23, 2.5, 1.04, -1.75, 0.17, 0.22]
[-3.56, -2.21, -8.48, -8.92, 1.77, -0.75, 2.88, -4.14, 3.7, -1.75, 1.5, 0.22]
[0.43, -14.16, -5.83, -6.26, -0.89, 1.9, 0.23, 1.18, -1.61, 3.56, -1.15, -6.42]
[4.41, -69.94, 2.14, -3.61, 0.44, 1.9, -2.43, -1.48, 3.7, 2.23, 1.5, -1.1]
[4.41, -0.88, -3.17, -2.28, -2.22, -2.08, -2.43, -1.48, -1.61, -0.43, -2.48, 1.55]
[-0.9, -0.88, -3.17, -3.61, -0.89, -7.39, -3.76, -0.15, -0.28, -8.39, -2.48, -5.09]
[13.71, 5.76, 2.14, 5.69, -3.55, -3.41, -2.43, 1.18, 3.7, 2.23, 0.17, 0.22]
[3.08, -44.71, -1.84, -3.61, 1.77, -8.72, -1.1, -2.81, -2.94, -8.39, -2.48, -2.43]
[-0.9, -6.19, 3.47, -4.94, 0.44, 0.57, -2.43, -2.81, 2.37, 2.23, 0.17, 0.22]
[-4.89, -3.54, -1.84, -4.94, -0.89, -2.08, -1.1, -2.81, 1.04, -1.75, -1.15, -1.1]
[1.75, 0.45, -8.48, -6.26, 1.77, 1.9, -1.1, -0.15, -2.94, -3.08, -2.48, -3.76]
[-0.9, -69.94, -8.48, -3.61, -2.22, 4.56, -6.41, -2.81, 1.04, 4.89, -7.79, 0.22]
[7.07, -0.88, -3.17, 0.38, 3.09, 3.23, -1.1, 1.18, 1.04, -1.75, -3.81, -1.1]
[1.75, -4.86, 6.13, 22.95, 3.09, 1.9, 1.55, -1.48, 2.37, -0.43, 2.83, 1.55]
[7.07, 8.42, -11.14, 5.69, 1.77, 4.56, -1.1, 2.5, -8.25, -0.43, -2.48, 0.22]
[5.74, -2.21, -1.84, -7.59, 1.77, 0.57, 1.55, -0.15, -0.28, -5.74, -2.48, -3.76]
[11.05, 1.78, -1.84, 0.38, 3.09, 4.56, 0.23, 1.18, 3.7, 2.23, -2.48, -2.43]
[15.03, 8.42, -7.15, 5.69, 0.44, 0.57, 2.88, -0.15, 3.7, -3.08, -2.48, -2.43]
[0.43, 8.42, 8.78, 7.02, 3.09, 0.57, 2.88, 3.83, 1.04, -0.43, 1.5, 0.22]
[5.74, -69.94, 0.82, 3.03, -0.89, 4.56, -3.76, -1.48, 5.03, 7.54, 0.17, 0.22]
[-6.22, 12.4, 11.44, 7.02, 4.42, 3.23, 4.21, 3.83, 3.7, -0.43, -1.15, -1.1]
[7.07, 7.09, 6.13, 5.69, 4.42, 0.57, 4.21, 2.5, 2.37, -0.43, 0.17, 0.22]
[11.05, 8.42, 3.47, 9.67, 7.08, -2.08, 5.54, 3.83, 1.04, -3.08, 0.17, -1.1]
[12.38, 8.42, 8.78, 7.02, 5.75, 5.89, 6.87, 6.49, -0.28, 0.9, 1.5, -1.1]
[5.74, 1.78, 7.46, 12.33, 5.75, 3.23, 5.54, 3.83, 1.04, -4.41, -2.48, 0.22]
[11.05, 8.42, 10.11, 13.66, 5.75, 3.23, 6.87, 5.16, 2.37, -1.75, 0.17, -3.76]
[3.08, -71.27, 8.78, 8.35, 4.42, 5.89, 5.54, 5.16, -0.28, 2.23, -1.15, -2.43]
[1.75, 12.4, 8.78, 7.02, 3.09, 3.23, 4.21, 2.5, 2.37, -1.75, -1.15, 0.22]
